30,00 1,00 0,64 6,00
30,00 1,00 0,65 4,00
30,00 1,00 0,66 2,50
30,00 1,00 0,67 1,20
30,00 0,98 0,64 6,50
30,00 0,98 0,65 4,50
30,00 0,98 0,66 3,00
30,00 0,98 0,67 1,60
30,00 0,95 0,65 5,00
30,00 0,95 0,66 3,50
30,00 0,95 0,67 2,00
30,00 0,95 0,68 1,20
30,00 0,93 0,65 5,50
30,00 0,93 0,66 4,50
30,00 0,93 0,67 3,00
30,00 0,93 0,68 1,70
30,00 0,90 0,66 5,00
30,00 0,90 0,67 3,50
30,00 0,90 0,68 2,10
30,00 0,90 0,69 1,00
30,00 0,88 0,67 4,00
30,00 0,88 0,68 3,00
30,00 0,88 0,69 1,50
30,00 0,85 0,67 5,00
30,00 0,85 0,68 3,50
30,00 0,85 0,69 2,00
30,00 0,85 0,70 1,00
30,00 0,83 0,67 6,00
30,00 0,83 0,68 4,00
30,00 0,83 0,69 2,50
30,00 0,83 0,70 1,50
30,00 0,80 0,68 5,00
30,00 0,80 0,69 3,00
30,00 0,80 0,70 1,80
30,00 0,80 0,71 1,00
30,00 0,78 0,69 4,00
30,00 0,78 0,70 2,00
30,00 0,78 0,71 1,40
30,00 0,75 0,70 3,00
30,00 0,75 0,71 1,70
30,00 0,75 0,72 1,00
30,00 0,73 0,71 2,00
30,00 0,73 0,72 1,40
30,00 0,70 0,71 3,00
30,00 0,70 0,72 1,70
30,00 0,70 0,73 1,00
30,00 0,68 0,72 2,00
30,00 0,68 0,73 1,30
30,00 0,65 0,73 1,70
30,00 0,65 0,74 1,20
30,00 0,63 0,73 2,00
30,00 0,63 0,74 1,40
30,00 0,63 0,75 0,90
50,00 1,00 0,69 10,00
50,00 1,00 0,70 7,00
50,00 1,00 0,71 5,00
50,00 1,00 0,72 2,00
50,00 0,98 0,69 11,00
50,00 0,98 0,70 8,00
50,00 0,98 0,71 6,00
50,00 0,98 0,72 2,50
50,00 0,98 0,73 1,00
50,00 0,95 0,69 12,00
50,00 0,95 0,70 8,00
50,00 0,95 0,71 6,00
50,00 0,95 0,72 4,00
50,00 0,95 0,73 2,00
50,00 0,93 0,69 13,00
50,00 0,93 0,70 9,00
50,00 0,93 0,71 7,00
50,00 0,93 0,72 4,00
50,00 0,93 0,73 2,00
50,00 0,90 0,69 13,00
50,00 0,90 0,70 9,00
50,00 0,90 0,71 7,00
50,00 0,90 0,72 4,00
50,00 0,90 0,73 2,00
50,00 0,88 0,69 14,00
50,00 0,88 0,70 11,00
50,00 0,88 0,71 8,00
50,00 0,88 0,72 5,50
50,00 0,88 0,73 3,00
50,00 0,88 0,74 1,30
50,00 0,85 0,70 12,00
50,00 0,85 0,71 9,00
50,00 0,85 0,72 7,00
50,00 0,85 0,73 4,00
50,00 0,85 0,74 2,00
50,00 0,83 0,71 10,00
50,00 0,83 0,72 8,00
50,00 0,83 0,73 6,00
50,00 0,83 0,74 3,00
50,00 0,83 0,75 1,00
50,00 0,80 0,71 12,00
50,00 0,80 0,72 9,00
50,00 0,80 0,73 7,00
50,00 0,80 0,74 4,00
50,00 0,80 0,75 2,00
50,00 0,78 0,72 10,00
50,00 0,78 0,73 7,50
50,00 0,78 0,74 5,00
50,00 0,78 0,75 2,50
50,00 0,78 0,76 1,20
50,00 0,75 0,74 5,00
50,00 0,75 0,75 3,00
50,00 0,75 0,76 1,70
50,00 0,73 0,74 6,00
50,00 0,73 0,75 4,00
50,00 0,73 0,76 2,00
50,00 0,73 0,77 1,00
50,00 0,70 0,75 6,00
50,00 0,70 0,76 2,50
50,00 0,70 0,77 1,40
50,00 0,68 0,76 3,00
50,00 0,68 0,77 1,60
50,00 0,68 0,78 1,00
70,00 1,00 0,74 17,00
70,00 1,00 0,75 12,00
70,00 1,00 0,76 5,00
70,00 0,98 0,74 18,00
70,00 0,98 0,75 13,00
70,00 0,98 0,76 6,00
70,00 0,98 0,77 2,00
70,00 0,95 0,74 18,00
70,00 0,95 0,75 13,00
70,00 0,95 0,76 8,00
70,00 0,95 0,77 3,00
70,00 0,93 0,74 16,00
70,00 0,93 0,75 12,00
70,00 0,93 0,76 7,50
70,00 0,93 0,77 3,00
70,00 0,90 0,74 16,00
70,00 0,90 0,75 15,00
70,00 0,90 0,76 7,00
70,00 0,90 0,77 3,00
70,00 0,90 0,78 1,00
70,00 0,88 0,76 10,00
70,00 0,88 0,77 5,00
70,00 0,88 0,78 2,00
70,00 0,85 0,76 12,00
70,00 0,85 0,77 7,00
70,00 0,85 0,78 3,00
70,00 0,85 0,79 1,00
70,00 0,83 0,76 15,00
70,00 0,83 0,77 10,00
70,00 0,83 0,78 5,00
70,00 0,83 0,79 2,00
70,00 0,83 0,80 1,00
70,00 0,80 0,76 18,00
70,00 0,80 0,77 13,00
70,00 0,80 0,78 7,00
70,00 0,80 0,79 3,00
70,00 0,80 0,80 1,30
70,00 0,78 0,77 15,00
70,00 0,78 0,78 8,00
70,00 0,78 0,79 4,00
70,00 0,78 0,80 1,80
70,00 0,75 0,77 15,00
70,00 0,75 0,78 8,00
70,00 0,75 0,79 5,00
70,00 0,75 0,80 2,00
70,00 0,75 0,81 0,90
70,00 0,73 0,78 9,00
70,00 0,73 0,79 6,00
70,00 0,73 0,80 2,50
70,00 0,73 0,81 1,00
70,00 0,70 0,78 10,00
70,00 0,70 0,79 7,00
70,00 0,70 0,80 4,00
70,00 0,70 0,81 1,50
70,00 0,68 0,78 11,00
70,00 0,68 0,79 7,00
70,00 0,68 0,80 5,00
70,00 0,68 0,81 1,80
30,00 0,78 0,72 0,70
30,00 0,75 0,73 0,50
30,00 0,73 0,73 0,75
30,00 0,73 0,74 0,20
30,00 0,70 0,74 0,50
30,00 0,68 0,74 0,80
30,00 0,68 0,75 0,50
30,00 0,65 0,75 0,70
30,00 0,63 0,76 0,60
50,00 0,90 0,74 0,70
50,00 0,85 0,75 0,70
50,00 0,78 0,77 0,50
50,00 0,75 0,77 0,80
50,00 0,75 0,78 0,30
50,00 0,73 0,78 0,60
50,00 0,70 0,78 0,80
50,00 0,68 0,79 0,60
50,00 0,68 0,80 0,20
50,00 0,65 0,80 0,50
50,00 0,65 0,81 0,30
50,00 0,65 0,82 0,20
70,00 0,70 0,82 0,70
70,00 0,68 0,82 0,80
70,00 0,68 0,83 0,40
60,00 1,00 0,73 8,50
60,00 0,98 0,73 9,50
60,00 0,95 0,74 9,00
60,00 0,93 0,74 8,00
60,00 0,90 0,74 8,20
60,00 0,88 0,74 8,00
60,00 0,85 0,76 6,00
60,00 0,83 0,76 7,50
60,00 0,80 0,76 9,00
60,00 0,80 0,77 6,50
60,00 0,78 0,77 8,00
60,00 0,78 0,78 4,00
60,00 0,75 0,77 7,80
60,00 0,75 0,78 4,00
60,00 0,73 0,78 4,60
60,00 0,73 0,79 3,00
60,00 0,70 0,78 5,50
60,00 0,70 0,79 3,50
60,00 0,68 0,78 6,00
60,00 0,68 0,79 3,80
60,00 0,68 0,80 2,80
60,00 0,68 0,81 0,90